PATIENT,day,viral
1,0.5,7.70269636505043
1,1.67,5.60521724747854
1,3,3.1978652820238
1,4.6,1.40466645751616
1,6,1.35842088017194
2,0.5,6.50999768400853
2,1.67,4.06279491111639
2,3,2.12414623350984
2,4.6,1.13395613406667
2,6,1.14547598856167
3,0.5,5.59762229616102
3,1.67,3.51196966167986
3,3,1.73875570365386
3,4.6,1.51083616201986
3,6,1.76905585411609
4,0.5,6.62523482823585
4,1.67,4.73934925115374
4,3,2.60892528392424
4,4.6,1.28423152219057
4,6,1.05132063671564
5,0.5,7.24569157086658
5,1.67,5.48817768909348
5,3,3.4679771171377
5,4.6,1.55588593637341
5,6,1.26149267247695
6,0.5,5.79218715781805
6,1.67,3.54643710571247
6,3,1.55774917449116
6,4.6,1.52826410194995
6,6,1.3370752932944
7,0.5,6.95662930886795
7,1.67,5.15916331115256
7,3,2.90352899216966
7,4.6,1.52095885776741
7,6,1.42518038826825
8,0.5,7.77054627647959
8,1.67,5.91445370076704
8,3,3.96975207560186
8,4.6,1.42835022879757
8,6,1.1667557301385
9,0.5,6.45191942771799
9,1.67,4.56855501060022
9,3,2.51124133061011
9,4.6,1.34294164870217
9,6,1.17737890560163
10,0.5,6.71441330889734
10,1.67,4.51149762225445
10,3,2.44829390532872
10,4.6,1.39473474455238
10,6,1.45631229533682
11,0.5,6.88116480099177
11,1.67,4.99648049215989
11,3,2.87243541337017
11,4.6,1.39511575281094
11,6,1.48875984683379
12,0.5,7.07705593874835
12,1.67,4.74843228110694
12,3,2.46148010436494
12,4.6,1.55772688491115
12,6,1.39198971862523
13,0.5,5.32822722042492
13,1.67,3.08471791245664
13,3,1.39877488762053
13,4.6,1.41057010214484
13,6,1.39684179226333
14,0.5,6.89799775441401
14,1.67,4.88935353791835
14,3,2.66335935339537
14,4.6,1.2601261359416
14,6,1.30912116334626
15,0.5,5.54276386274955
15,1.67,4.04680773953865
15,3,2.25992450346608
15,4.6,1.368879229697
15,6,1.39448737097472
16,0.5,5.34314564119906
16,1.67,3.29788390201125
16,3,1.24629052433414
16,4.6,0.903335866125372
16,6,0.912502297083693
17,0.5,5.92161147120112
17,1.67,3.92465129737078
17,3,1.72361413704284
17,4.6,1.46295095641477
17,6,1.63403290216866
18,0.5,6.52095081054242
18,1.67,4.68552707335338
18,3,2.74458595885863
18,4.6,1.09465231590981
18,6,1.05568598790348
19,0.5,6.99710335849362
19,1.67,4.67991560656362
19,3,2.46770083146386
19,4.6,1.47497068032366
19,6,1.30998439059775
20,0.5,7.2415741885467
20,1.67,5.10801824365558
20,3,3.3469642310989
20,4.6,1.37521875772533
20,6,1.24980405580357
21,0.5,6.02271942331735
21,1.67,4.06386442460521
21,3,2.28862629855041
21,4.6,1.266353943479
21,6,1.31956538304426
22,0.5,7.33286260350353
22,1.67,5.26178279993469
22,3,3.04645528154922
22,4.6,1.32658291418733
22,6,1.18434023092039
23,0.5,6.45408155045738
23,1.67,4.3187694646136
23,3,2.26337303725347
23,4.6,1.30115449576986
23,6,1.33827467176494
24,0.5,6.02585461716271
24,1.67,3.89242740694147
24,3,1.92837843304057
24,4.6,1.22732426432247
24,6,1.34216868018314
25,0.5,6.72823409660516
25,1.67,4.58249130857907
25,3,2.42712356994261
25,4.6,1.20057282687684
25,6,1.15728618617582
26,0.5,6.15116090136253
26,1.67,4.23007860906019
26,3,2.27228065569051
26,4.6,1.44835172112912
26,6,1.31676270971478
27,0.5,6.86801312831283
27,1.67,4.88118400008896
27,3,2.82583624852766
27,4.6,1.06637071328051
27,6,1.21823168751576
28,0.5,7.036881704113
28,1.67,4.74986894246371
28,3,2.09098644937788
28,4.6,1.30067624020993
28,6,1.27307000337682
29,0.5,5.5790264444695
29,1.67,3.48848591836367
29,3,1.21804721804765
29,4.6,1.34932872321379
29,6,1.31626370779249
30,0.5,7.90400728977224
30,1.67,6.03146721347401
30,3,3.68868216683673
30,4.6,1.63368494413395
30,6,1.35642940621627
31,0.5,7.07480469914671
31,1.67,5.07567079724445
31,3,2.48857974580216
31,4.6,1.53522943196912
31,6,1.43002142621731
32,0.5,5.91214934192505
32,1.67,3.63636567697852
32,3,1.44903174430892
32,4.6,1.17617653676812
32,6,1.15798372689393
33,0.5,6.63868484629126
33,1.67,4.57864448048644
33,3,2.52261827941638
33,4.6,1.50213497222149
33,6,1.7968481973909
34,0.5,6.82916968070771
34,1.67,4.91366726286182
34,3,2.86455576123057
34,4.6,1.26891437790347
34,6,1.4897150515412
35,0.5,6.58307916376005
35,1.67,4.47405882223603
35,3,2.39544250046721
35,4.6,1.45566973067211
35,6,1.51478103680657
36,0.5,6.5203683520913
36,1.67,4.59002880707197
36,3,2.60021686324401
36,4.6,1.24283149556891
36,6,1.20437360430493
37,0.5,5.98411892664284
37,1.67,4.09949853080991
37,3,2.09773357476564
37,4.6,1.47117573554819
37,6,1.32311044210226
38,0.5,5.9033590494325
38,1.67,3.88519579500044
38,3,1.89661751970697
38,4.6,1.27668705069425
38,6,1.38489913294539
39,0.5,7.71872843196903
39,1.67,6.03717696967017
39,3,3.83091683266748
39,4.6,1.68735952184778
39,6,1.27842035945683
40,0.5,6.27666694776541
40,1.67,4.45996705510699
40,3,2.35336294602399
40,4.6,1.42513547756202
40,6,1.21307229106988
41,0.5,6.55875422079179
41,1.67,4.28412089930913
41,3,1.82066824096512
41,4.6,1.46026713842734
41,6,1.37711493003215
42,0.5,5.36811044829718
42,1.67,3.39076324867148
42,3,1.51859524121224
42,4.6,1.2299688426271
42,6,1.51295422232739
43,0.5,6.35197976079755
43,1.67,4.30672015530706
43,3,2.24298347365924
43,4.6,1.49602776059532
43,6,1.75657401468688
44,0.5,6.37211003495039
44,1.67,4.38446511360458
44,3,1.9029753926246
44,4.6,1.20915083066742
44,6,1.41843401710003
45,0.5,6.2329133078824
45,1.67,4.16448925389733
45,3,1.86728362842068
45,4.6,1.24227304438103
45,6,1.31858185968022
46,0.5,6.43282206126548
46,1.67,4.30211952010779
46,3,2.04422642671658
46,4.6,1.08794320705645
46,6,1.23812971176704
47,0.5,7.31876315863755
47,1.67,5.26010363545019
47,3,2.83234596099615
47,4.6,1.22703765332201
47,6,1.1972647973633
48,0.5,7.22337151379374
48,1.67,5.30767557324728
48,3,3.10263257109658
48,4.6,1.65193044359589
48,6,1.66961332422902
49,0.5,6.32846051698115
49,1.67,4.56447199449271
49,3,2.32188711553953
49,4.6,1.07252388203712
49,6,1.1685246870112
50,0.5,6.16652794698608
50,1.67,4.35017152848782
50,3,2.57265632984719
50,4.6,1.38064429278257
50,6,1.17474794346568
51,0.5,5.52930559517812
51,1.67,3.26203328394333
51,3,1.50489684598752
51,4.6,1.2592738164405
51,6,1.15378242817038
52,0.5,6.38650671021505
52,1.67,4.07891236592348
52,3,1.79685318528501
52,4.6,1.22801052247363
52,6,1.06282056139446
53,0.5,6.22076454019387
53,1.67,4.37884008313764
53,3,2.01525602012844
53,4.6,1.36482694976928
53,6,1.58767588637737
54,0.5,5.33083669637745
54,1.67,3.3399444024545
54,3,1.40501358307968
54,4.6,1.3681386789987
54,6,1.6325447745114
55,0.5,6.82032968108098
55,1.67,4.7658400135991
55,3,2.52603930090434
55,4.6,1.57291516860621
55,6,1.71367232076968
56,0.5,5.86875552885982
56,1.67,3.72230082062821
56,3,1.64055854532807
56,4.6,1.37220113045216
56,6,1.11319012737423
57,0.5,6.83682132517842
57,1.67,4.90620697899563
57,3,2.84428636440839
57,4.6,1.21941554676356
57,6,1.24958980582053
58,0.5,5.97282793531015
58,1.67,4.02570748898803
58,3,1.87173954424966
58,4.6,1.07408133511029
58,6,1.24138429012329
59,0.5,6.91824320022333
59,1.67,4.85113722817708
59,3,2.70019100332722
59,4.6,1.46780790596078
59,6,1.25479629575952
60,0.5,6.46797671782717
60,1.67,4.39067636137564
60,3,2.11402751125363
60,4.6,1.486897338624
60,6,1.60879134023173
61,0.5,7.4885659704726
61,1.67,5.46995524415806
61,3,3.07764293096798
61,4.6,1.56102370447731
61,6,1.45600854299375
62,0.5,7.48193799262218
62,1.67,5.52551886598307
62,3,3.26893308521685
62,4.6,1.36779434652967
62,6,1.26131180229838
63,0.5,6.12939177235189
63,1.67,4.27125096517114
63,3,2.28164159661417
63,4.6,1.52708559745795
63,6,1.6256850874878
64,0.5,5.86763142708512
64,1.67,3.67025204536589
64,3,1.66058005751849
64,4.6,1.14611972761889
64,6,1.32884362298665
65,0.5,6.11578053233095
65,1.67,3.79408784844629
65,3,1.71135024371569
65,4.6,1.0970330779582
65,6,0.986889882073261
66,0.5,5.23677215216689
66,1.67,3.08437596704856
66,3,1.35103920064927
66,4.6,1.27494237488508
66,6,1.22266505686874
67,0.5,6.56159506301855
67,1.67,4.4722471524056
67,3,2.22093413733811
67,4.6,1.34427328121191
67,6,1.4163480609383
68,0.5,5.93509110723307
68,1.67,4.00207315330914
68,3,1.87023919109174
68,4.6,1.38963342661041
68,6,1.26202864459567
69,0.5,6.06789061025805
69,1.67,3.99739978147639
69,3,1.75801826209034
69,4.6,1.10744715305267
69,6,1.1074185593191
70,0.5,6.44281967430266
70,1.67,4.04558027005768
70,3,1.73477963828218
70,4.6,1.11780533814863
70,6,1.25113824844655
71,0.5,5.99275122721311
71,1.67,4.03545384662916
71,3,1.80901563333333
71,4.6,1.47944473648355
71,6,1.60231901171902
72,0.5,6.45521077808051
72,1.67,4.65142117118319
72,3,2.42938549532403
72,4.6,1.31191430459492
72,6,1.26194327004619
73,0.5,5.77094259107327
73,1.67,3.77315274505475
73,3,2.04635299032929
73,4.6,1.10944017438041
73,6,1.10868497329454
74,0.5,6.95076206431972
74,1.67,5.08955910193087
74,3,2.75015051474809
74,4.6,1.64503806879104
74,6,1.54801330222185
75,0.5,6.07283306192373
75,1.67,3.89495817833552
75,3,1.75168038406945
75,4.6,1.28025676780486
75,6,1.33363461962749
76,0.5,5.99501760904292
76,1.67,3.9130093620754
76,3,1.8635798308019
76,4.6,1.39651491803113
76,6,1.26136253138516
77,0.5,6.73995167567427
77,1.67,4.91199778526261
77,3,2.82846304348639
77,4.6,1.67250144638163
77,6,1.30626503309481
78,0.5,7.08897200672795
78,1.67,4.8702253863869
78,3,2.5172411464583
78,4.6,1.24112467329886
78,6,1.27527939201125
79,0.5,5.95431188486038
79,1.67,4.25285941940738
79,3,2.37806371272419
79,4.6,1.10129496047066
79,6,1.26303247796611
80,0.5,6.21046130025154
80,1.67,4.30376791560972
80,3,1.96905585756261
80,4.6,1.2825434301109
80,6,1.16042055087075
81,0.5,6.76567895986558
81,1.67,4.36692372173651
81,3,1.91050767247494
81,4.6,1.22781894202444
81,6,1.17961867289524
82,0.5,6.48402602821652
82,1.67,4.20736365819891
82,3,1.88881143377575
82,4.6,1.12688039923868
82,6,1.52351367790383
83,0.5,6.87171252892524
83,1.67,5.07333537181151
83,3,2.92752597264234
83,4.6,1.27453197356992
83,6,1.45387320672406
84,0.5,6.68812732715965
84,1.67,4.70504654510145
84,3,2.73085802521737
84,4.6,1.33237291186048
84,6,1.22878027538592
85,0.5,5.45385859771752
85,1.67,3.38554729879199
85,3,1.41403959176243
85,4.6,1.09359757260723
85,6,1.28616404938002
86,0.5,6.95635338631652
86,1.67,4.78519041189775
86,3,2.40068189024589
86,4.6,1.16450224023935
86,6,1.291985564826
87,0.5,6.61660425265226
87,1.67,4.54376844165139
87,3,2.13567252879221
87,4.6,1.24418241008243
87,6,1.17231818141975
88,0.5,7.00834231629999
88,1.67,5.14812740602716
88,3,2.95605787436208
88,4.6,1.62359987634647
88,6,1.57926746516406
89,0.5,7.07111794670158
89,1.67,4.9203392476157
89,3,2.74052188590238
89,4.6,1.39201676133083
89,6,1.27845048635206
90,0.5,7.53726639245224
90,1.67,5.84171468266948
90,3,3.28372917987113
90,4.6,1.33328046408556
90,6,1.16549731537763
91,0.5,7.24127153310945
91,1.67,4.99357798516813
91,3,2.67306236780632
91,4.6,1.27284741651258
91,6,1.18896867960848
92,0.5,5.6648706529142
92,1.67,3.62900674699953
92,3,1.5090966224678
92,4.6,1.52629475665549
92,6,1.16446595813097
93,0.5,6.90066218111717
93,1.67,5.13602372504917
93,3,3.24973585100678
93,4.6,1.6242886999887
93,6,1.50498975557745
94,0.5,7.10921345191081
94,1.67,5.24789596756528
94,3,3.08193872267932
94,4.6,1.58545864790381
94,6,1.41160248585921
95,0.5,6.24756429839515
95,1.67,4.106385899717
95,3,1.95475888686618
95,4.6,1.32548995636068
95,6,1.58993225479034
96,0.5,6.27822677493329
96,1.67,4.37541858940614
96,3,2.39919547507071
96,4.6,1.35038992645997
96,6,1.54310641166541
97,0.5,5.69835767666136
97,1.67,3.50403702875709
97,3,1.52998084697657
97,4.6,1.29616904826799
97,6,1.21849200320168
98,0.5,6.57869006686426
98,1.67,4.52418237125576
98,3,2.55729430897321
98,4.6,1.22188430283151
98,6,1.26583174959583
99,0.5,5.64138858803954
99,1.67,3.41794697582021
99,3,1.41861319946872
99,4.6,1.09657264582345
99,6,1.23423039099919
100,0.5,5.58239659264108
100,1.67,3.71917301184134
100,3,1.57058551551454
100,4.6,1.42573880374161
100,6,1.4008543996964
101,0.5,5.82024776248364
101,1.67,3.81509547473743
101,3,1.87841066537419
101,4.6,1.23024233625053
101,6,1.17926791991336
102,0.5,6.14916904717976
102,1.67,3.91786813170286
102,3,1.93873842865471
102,4.6,1.25143024005378
102,6,1.1727594256421
103,0.5,6.50491921872808
103,1.67,4.46003697822922
103,3,2.0091889273832
103,4.6,1.27006263622028
103,6,1.25377755128579
104,0.5,6.20845940645507
104,1.67,3.85869537582749
104,3,1.5856678914673
104,4.6,1.34779261424528
104,6,1.18878272085438
105,0.5,6.50276236392631
105,1.67,4.67070139384818
105,3,2.70573022886878
105,4.6,1.51733880170384
105,6,1.54115381557107
106,0.5,6.51409542158167
106,1.67,4.56966496954997
106,3,2.35628891614889
106,4.6,1.17937640360963
106,6,1.16571945712311
107,0.5,6.04363869549963
107,1.67,3.57977614262576
107,3,1.46112046085831
107,4.6,1.3896160887529
107,6,1.40898709344353
108,0.5,6.02343272269461
108,1.67,3.84483781056857
108,3,1.80524631234309
108,4.6,1.15992433796045
108,6,1.19404011947704
109,0.5,5.23800213704064
109,1.67,3.13209560360381
109,3,1.4638218824986
109,4.6,1.44977264371232
109,6,1.33149964429553
110,0.5,7.09972840222526
110,1.67,5.17990897730324
110,3,2.74949583033141
110,4.6,1.01100901489357
110,6,1.07371355888298
111,0.5,5.77008582653249
111,1.67,3.87137215664959
111,3,1.93221898912509
111,4.6,1.25665581741396
111,6,1.42750839657107
112,0.5,7.3003557047834
112,1.67,5.30895601564471
112,3,3.09522007995667
112,4.6,1.60200197596777
112,6,1.71249672625005
113,0.5,7.05365469893113
113,1.67,4.63858737847473
113,3,2.74961014360075
113,4.6,1.34161150483275
113,6,1.24019104541164
114,0.5,6.64676058801604
114,1.67,4.24799496733751
114,3,2.0865444232954
114,4.6,1.28167678123226
114,6,1.25118943520677
115,0.5,5.74971406658807
115,1.67,3.70475561255998
115,3,1.47179165705733
115,4.6,1.40750357657109
115,6,1.5701777601627
116,0.5,6.1625952438974
116,1.67,4.44719045322734
116,3,2.22342698015919
116,4.6,1.34646366781838
116,6,1.12543682826541
117,0.5,6.50946324154375
117,1.67,4.52003039383212
117,3,2.4685529342638
117,4.6,1.39630496678835
117,6,1.37811649734159
118,0.5,8.19501854851475
118,1.67,6.08401754456923
118,3,4.00718344503482
118,4.6,1.43085958459442
118,6,1.19776037925053
119,0.5,5.52736452389502
119,1.67,3.67198661271654
119,3,1.93628861424938
119,4.6,1.42953091753039
119,6,1.46061412700309
120,0.5,6.05467394809404
120,1.67,3.81781004812199
120,3,1.745081234833
120,4.6,1.29014113856593
120,6,1.19376770318579
121,0.5,6.90697160819641
121,1.67,4.52229740600146
121,3,2.21393998006147
121,4.6,1.16747670501911
121,6,1.14440535649137
122,0.5,6.77606891232199
122,1.67,4.68500000649374
122,3,2.41416324625426
122,4.6,1.14876258080281
122,6,0.995089532043116
123,0.5,5.93838396336713
123,1.67,3.84185617031833
123,3,2.02950084777771
123,4.6,1.4551974237188
123,6,1.60946194197284
124,0.5,6.00613134348159
124,1.67,3.92042777426661
124,3,2.05529730618132
124,4.6,1.14742878966023
124,6,1.17196077785633
125,0.5,7.39068887102707
125,1.67,5.1125723762684
125,3,2.85695223744369
125,4.6,1.37305661666744
125,6,1.18705379268371
126,0.5,5.58765968515025
126,1.67,3.67401561306836
126,3,1.64388401720148
126,4.6,1.51602266648373
126,6,1.32304353237573
127,0.5,6.0339134156985
127,1.67,4.25173170778362
127,3,2.18146690094834
127,4.6,1.57226803513627
127,6,1.61407783632518
128,0.5,7.18493293857793
128,1.67,4.7657298664234
128,3,2.07655307157813
128,4.6,1.1509169176918
128,6,1.17474098734039
129,0.5,6.63529087802778
129,1.67,4.63937061876912
129,3,2.41915894641447
129,4.6,1.27132625439852
129,6,1.19517435042309
130,0.5,7.42326863175094
130,1.67,5.70698779221828
130,3,3.4311036067129
130,4.6,1.44340840298194
130,6,1.45942655605411
131,0.5,7.72685072969226
131,1.67,5.40088846679051
131,3,2.85145911781776
131,4.6,1.06435496645097
131,6,1.1417383491178
132,0.5,6.06468735493914
132,1.67,4.42410188565951
132,3,2.55990965426905
132,4.6,1.27507442345672
132,6,1.20750735456398
133,0.5,6.87539963479465
133,1.67,5.06270806078178
133,3,2.81589724226497
133,4.6,1.35172781702681
133,6,1.50721429877521
134,0.5,7.1811774651052
134,1.67,5.30708499283184
134,3,3.08120069948922
134,4.6,1.31261484113856
134,6,1.69096906544858
135,0.5,6.81649908965256
135,1.67,4.61429060218755
135,3,2.19825726596334
135,4.6,1.32201061443654
135,6,1.1921515009066
136,0.5,7.11772427494283
136,1.67,5.14175951372893
136,3,3.06762423557582
136,4.6,1.55028802616674
136,6,1.84996689384328
137,0.5,6.3637910010012
137,1.67,3.95993573495907
137,3,1.76038836391062
137,4.6,1.37306314044674
137,6,1.51093769827825
138,0.5,6.85118185054816
138,1.67,5.17574016669653
138,3,2.80717110292399
138,4.6,1.35717536127483
138,6,1.13254983787793
139,0.5,7.1429718677706
139,1.67,5.13172983934493
139,3,2.95512198945054
139,4.6,1.33520607629888
139,6,1.09386359674991
140,0.5,6.6959347247898
140,1.67,4.78482274609006
140,3,2.60346286643927
140,4.6,1.45298314735396
140,6,1.19332369218498
141,0.5,6.84055183398535
141,1.67,4.67219121955863
141,3,2.30168537550612
141,4.6,1.0694826272195
141,6,0.881873109182122
142,0.5,6.77774422013786
142,1.67,4.65431476911586
142,3,2.17756225683242
142,4.6,0.936879146654547
142,6,1.1132648263077
143,0.5,5.95843880961268
143,1.67,4.18315428846206
143,3,2.12430464466579
143,4.6,1.30899198732149
143,6,1.39899249608255
144,0.5,6.00228661017347
144,1.67,3.95788416194857
144,3,2.10363436745727
144,4.6,1.19066789337896
144,6,1.20857770074753
145,0.5,6.91336380729856
145,1.67,4.84962351826904
145,3,2.80347511636106
145,4.6,1.56057557918908
145,6,1.74170365737031
146,0.5,7.2491316101694
146,1.67,4.99803618849785
146,3,3.03488549344386
146,4.6,1.60785149245357
146,6,1.4007119039623
147,0.5,6.76862147799455
147,1.67,5.12662261248041
147,3,3.07374380267858
147,4.6,1.63375165837411
147,6,1.61285992399217
148,0.5,6.55745610470209
148,1.67,4.42843094133526
148,3,2.08530866231155
148,4.6,1.48035485941529
148,6,1.28792493052624
149,0.5,6.99597436113461
149,1.67,5.11776587385914
149,3,2.81754484748094
149,4.6,0.980663490149425
149,6,1.08182283185031
150,0.5,5.84811931468492
150,1.67,3.60921778902451
150,3,1.76537318701034
150,4.6,1.54464410304416
150,6,1.3518732512561
151,0.5,6.70812672060627
151,1.67,5.28419971165636
151,3,3.14777597625834
151,4.6,1.5835195221495
151,6,1.14498513609083
152,0.5,6.31454507161274
152,1.67,4.24519703356021
152,3,1.89948387701747
152,4.6,1.59633391771856
152,6,1.5675594435683
153,0.5,5.47675298264182
153,1.67,2.92906048979714
153,3,1.52830084280622
153,4.6,1.60883944969098
153,6,1.50146641784038
154,0.5,5.25815344107674
154,1.67,3.28336836377435
154,3,1.42771612588405
154,4.6,1.03410434949344
154,6,1.27435491257667
155,0.5,6.8317261920102
155,1.67,5.4223013502687
155,3,3.45789087277209
155,4.6,1.54497323862914
155,6,0.954386310541642
156,0.5,6.70749793089512
156,1.67,4.73484574445873
156,3,2.28245759121716
156,4.6,1.30307352574362
156,6,1.51130875406144
157,0.5,5.43320952861278
157,1.67,3.38673295870011
157,3,1.4230214621885
157,4.6,0.820579897127521
157,6,0.93206936345465
158,0.5,5.94614151574603
158,1.67,3.68465174041829
158,3,1.54114890730156
158,4.6,1.38787216965437
158,6,1.17502747469644
159,0.5,5.61316405080174
159,1.67,3.29872704268367
159,3,1.63815538901593
159,4.6,1.0565169560903
159,6,1.09027001210701
160,0.5,5.68733925856628
160,1.67,3.67961650793352
160,3,1.47023391361974
160,4.6,0.948883311837351
160,6,1.0449596995649
161,0.5,6.35594329584027
161,1.67,4.11579688062587
161,3,1.55470740012929
161,4.6,0.967898608907378
161,6,1.26623172098104
162,0.5,8.19110020287472
162,1.67,6.24798817066341
162,3,3.85659574184053
162,4.6,1.50984844228926
162,6,1.20598495214345
163,0.5,5.56779698875295
163,1.67,3.66856218222212
163,3,1.68209922953354
163,4.6,1.41458753083706
163,6,1.24961322685608
164,0.5,6.89034384098575
164,1.67,5.04857846821602
164,3,2.83225188963329
164,4.6,1.06651729980062
164,6,1.15510339986538
165,0.5,6.60637643628362
165,1.67,4.36460516303134
165,3,2.23233288390768
165,4.6,1.28578067269691
165,6,1.23724602834915
166,0.5,6.14173692777434
166,1.67,4.23053799159622
166,3,2.0241579959431
166,4.6,1.51388651433215
166,6,1.67740659905472
167,0.5,6.42600372597222
167,1.67,4.58686144912088
167,3,2.22724045856313
167,4.6,1.63782948389827
167,6,1.64494946488474
168,0.5,6.994984195389
168,1.67,4.96973996293596
168,3,2.58430269785531
168,4.6,1.47695385928858
168,6,1.31798899996063
169,0.5,7.04581647576512
169,1.67,5.14231466017038
169,3,2.87688434321608
169,4.6,1.30195032365867
169,6,1.27844011332513
170,0.5,7.33863654022491
170,1.67,5.27639023203305
170,3,2.71261791452137
170,4.6,1.38217719919288
170,6,1.06953030012259
171,0.5,6.31498312593483
171,1.67,4.47418702210985
171,3,2.51156471423041
171,4.6,1.53798840008117
171,6,1.54330934768946
172,0.5,6.4716379115045
172,1.67,4.68269228592073
172,3,2.37666461518598
172,4.6,1.15659349604842
172,6,1.02391081815866
173,0.5,6.57021128805435
173,1.67,4.80167854635633
173,3,2.57287877419846
173,4.6,1.26731260701312
173,6,1.13842151762134
174,0.5,5.87332660993734
174,1.67,3.86745811271726
174,3,1.81902885601401
174,4.6,1.37045098048556
174,6,1.44475731402746
175,0.5,6.59227694810486
175,1.67,4.56895819367853
175,3,2.03398269412693
175,4.6,1.45493257187732
175,6,1.43052986632518
176,0.5,6.81870489958245
176,1.67,5.10055842547759
176,3,2.97575216217332
176,4.6,1.3850258409095
176,6,1.29186147532955
177,0.5,6.22084806176652
177,1.67,3.84444613280522
177,3,1.55893191211566
177,4.6,1.10488691866609
177,6,1.35992261900387
178,0.5,7.02125463321609
178,1.67,4.94646388546577
178,3,2.75110444243661
178,4.6,1.45583341929575
178,6,1.49959360553174
179,0.5,6.18723021603577
179,1.67,3.81656999805945
179,3,1.7705664859988
179,4.6,1.57612232855585
179,6,1.42474946780116
180,0.5,7.91327790719683
180,1.67,5.94111115975281
180,3,3.50068540917977
180,4.6,1.37045841462817
180,6,1.30378762859142
181,0.5,6.66623353361435
181,1.67,4.54918491941499
181,3,2.37778330246045
181,4.6,1.35950957852618
181,6,1.39067809173266
182,0.5,7.19126179130173
182,1.67,4.94750867593786
182,3,2.12079258909412
182,4.6,1.29494115606594
182,6,1.25151543182189
183,0.5,6.54344794020067
183,1.67,4.34600260797642
183,3,2.06845255770695
183,4.6,1.34082713321648
183,6,1.16759980235239
184,0.5,7.16404626673273
184,1.67,5.37823626214027
184,3,3.14040898225626
184,4.6,1.24335033046156
184,6,1.37169266417698
185,0.5,6.10406136290986
185,1.67,3.89310966977856
185,3,1.81200171403552
185,4.6,1.1882608768875
185,6,1.25512741464485
186,0.5,7.28192164573869
186,1.67,4.89633923872926
186,3,2.62940837211829
186,4.6,1.45880355437245
186,6,1.48896253067627
187,0.5,7.2700530747562
187,1.67,5.2606152464231
187,3,3.35253281170997
187,4.6,1.49885533624421
187,6,1.44967591028258
188,0.5,6.28244230179977
188,1.67,4.68961937467885
188,3,2.65178780689262
188,4.6,1.52739335468463
188,6,1.44163577694667
189,0.5,6.29837911187618
189,1.67,4.37259881627277
189,3,2.24821863261295
189,4.6,1.18424136860542
189,6,1.27949622242371
190,0.5,6.11219207203796
190,1.67,3.83412966425317
190,3,1.73481251507453
190,4.6,1.03763758435782
190,6,1.1516598340109
191,0.5,6.06357094226701
191,1.67,3.78683712477126
191,3,1.6399096276879
191,4.6,1.41016392475432
191,6,1.39381706160152
192,0.5,6.18225557916761
192,1.67,4.15640016173612
192,3,1.92346676225871
192,4.6,1.62487294818844
192,6,1.60764801969352
193,0.5,7.20459928249395
193,1.67,5.61434416358595
193,3,3.69566837200858
193,4.6,1.51610510758798
193,6,1.21708651952788
194,0.5,5.71103829862042
194,1.67,3.57416386060982
194,3,1.654551123929
194,4.6,1.3947620194245
194,6,1.35819666551027
195,0.5,6.47011137357349
195,1.67,4.149422540596
195,3,1.93220887616612
195,4.6,0.985332249185871
195,6,1.14963520707922
196,0.5,5.17654239795867
196,1.67,3.45131406185163
196,3,1.74356241530885
196,4.6,1.55279766059418
196,6,1.40082738619184
197,0.5,6.14436820865807
197,1.67,3.77732126302298
197,3,1.57249767723313
197,4.6,1.54342201222407
197,6,1.61925750611494
198,0.5,6.65872989793704
198,1.67,4.91176834873135
198,3,2.99076824810389
198,4.6,1.23564453119165
198,6,1.32204955249349
199,0.5,6.14534100252348
199,1.67,4.02895379249994
199,3,1.85105345058801
199,4.6,0.877223927197487
199,6,1.10728707718185
200,0.5,7.07967231020628
200,1.67,5.19368412346676
200,3,2.69164912386177
200,4.6,1.18202723277978
200,6,1.44117774253614
201,0.5,7.14086030702654
201,1.67,5.19148570470965
201,3,2.5540524464809
201,4.6,1.19783109731167
201,6,1.12057177079138
202,0.5,7.04726979797796
202,1.67,5.12134150589756
202,3,2.95008532649595
202,4.6,1.42613748242862
202,6,1.27991652652755
203,0.5,6.93589326786248
203,1.67,5.15977973326329
203,3,2.96480277891943
203,4.6,1.54532028812643
203,6,1.33705683552011
204,0.5,6.05313144045595
204,1.67,4.17168785996361
204,3,1.86397218693658
204,4.6,1.17127106618464
204,6,1.29832004532773
205,0.5,7.65394331625788
205,1.67,5.44674968680797
205,3,3.13690643709764
205,4.6,1.17413646566749
205,6,1.32098807043401
206,0.5,6.72608988391741
206,1.67,4.63857547371316
206,3,2.56367313044537
206,4.6,1.4373779949324
206,6,1.22270516652549
207,0.5,6.69489326070596
207,1.67,4.5298720277267
207,3,1.90232087612384
207,4.6,1.43149438322747
207,6,1.68805424031766
208,0.5,7.16827660794115
208,1.67,5.19704068211399
208,3,3.00710422071627
208,4.6,1.46677389970705
208,6,1.43619636742478
209,0.5,6.4371356346406
209,1.67,4.50432400345145
209,3,2.58209775206909
209,4.6,1.29576446522298
209,6,1.64237976141509
210,0.5,7.21794387275646
210,1.67,5.42766759239503
210,3,3.2337049138967
210,4.6,1.30106624704467
210,6,1.26885331178087
211,0.5,6.42978581143429
211,1.67,4.50457600019472
211,3,2.4036084129136
211,4.6,1.32481874955194
211,6,1.39319641039879
212,0.5,6.39608806647009
212,1.67,4.69160301175941
212,3,2.54939246176121
212,4.6,1.72214817094153
212,6,1.46298311223438
213,0.5,5.82293710217873
213,1.67,3.79807709130381
213,3,1.8423572241064
213,4.6,1.13176660867286
213,6,1.25577997073893
214,0.5,7.62335929138944
214,1.67,5.51128172523365
214,3,2.89730877716995
214,4.6,1.37393682322807
214,6,1.24295717946901
215,0.5,7.00610642276934
215,1.67,5.32622299567729
215,3,2.97345831170951
215,4.6,1.29165407344026
215,6,1.09164272967309
216,0.5,7.385487660443
216,1.67,5.56465907069401
216,3,3.47212578643215
216,4.6,1.56698057681172
216,6,1.63678621409829
217,0.5,6.90038763522408
217,1.67,4.73056404273062
217,3,2.46047441577849
217,4.6,1.26483107305204
217,6,1.11621027527974
218,0.5,7.12090883260776
218,1.67,5.10134551311814
218,3,2.70927960173015
218,4.6,1.51997843191151
218,6,1.44491734946578
219,0.5,7.67999668671655
219,1.67,5.86113492222833
219,3,3.73034979768156
219,4.6,1.64479738962542
219,6,1.27755727702362
220,0.5,6.50168048171159
220,1.67,4.35766564856835
220,3,2.00191827420136
220,4.6,1.34310730408653
220,6,1.49617802029427
221,0.5,6.88492787399313
221,1.67,4.82517013655442
221,3,2.42309881927421
221,4.6,1.27061092527557
221,6,1.44371460025806
222,0.5,6.95185042741731
222,1.67,5.13143309743938
222,3,3.25275860655335
222,4.6,1.59470029089469
222,6,1.40971449046854
223,0.5,6.71716346197689
223,1.67,4.58044655039417
223,3,2.18404319527679
223,4.6,1.16262491385635
223,6,1.20317674737642
224,0.5,5.57089560896518
224,1.67,4.18503986171297
224,3,1.97916976788482
224,4.6,1.51853698851707
224,6,1.58442349010522
225,0.5,6.35991400126569
225,1.67,4.3030558986584
225,3,2.34148180862729
225,4.6,1.39135276431374
225,6,1.48704007765143
226,0.5,5.40264709510486
226,1.67,3.13262993690945
226,3,1.59714332417129
226,4.6,1.38180202862177
226,6,1.42142704802216
227,0.5,6.33298924572115
227,1.67,3.90610812261099
227,3,1.94471057315845
227,4.6,1.7238939533943
227,6,1.76382861110356
228,0.5,7.49315667221407
228,1.67,5.52838470080435
228,3,3.29775259410853
228,4.6,1.19695011932237
228,6,1.14953939792244
229,0.5,7.8120832155762
229,1.67,5.72978906793248
229,3,3.61498340315563
229,4.6,1.35025278957584
229,6,1.35223987015095
230,0.5,6.94821661294295
230,1.67,5.09788891310261
230,3,2.8854930395379
230,4.6,1.76022317607398
230,6,1.79321991187172
231,0.5,5.45387880399071
231,1.67,3.53459180429473
231,3,1.37315993565905
231,4.6,1.3395861691714
231,6,1.26952082409475
232,0.5,7.82779654886805
232,1.67,5.62608968460014
232,3,3.27339920056878
232,4.6,1.31542039818856
232,6,1.1210970197702
233,0.5,6.75946574706939
233,1.67,4.55445266281615
233,3,2.00683058344144
233,4.6,1.28862309005222
233,6,1.37965600847598
234,0.5,6.43461486893467
234,1.67,4.22209237959425
234,3,2.04635354630604
234,4.6,1.31977767702636
234,6,1.31750266609008
235,0.5,5.62648541938508
235,1.67,3.39620975133196
235,3,1.68995517678209
235,4.6,1.17377818114044
235,6,1.15076634280295
236,0.5,6.83537330498428
236,1.67,4.49267380699217
236,3,1.78396920989894
236,4.6,1.26142632770105
236,6,1.21471309940013
237,0.5,7.32770562998904
237,1.67,5.20162281610889
237,3,2.7401372358652
237,4.6,1.12414879079614
237,6,1.05029042249934
238,0.5,6.1416569921406
238,1.67,3.89394672535885
238,3,1.99930253813018
238,4.6,1.42528860165874
238,6,1.5400981328966
239,0.5,5.81081270915488
239,1.67,4.13284435777648
239,3,1.91113905373669
239,4.6,1.33922401682462
239,6,1.43495603224277
240,0.5,6.68848406996949
240,1.67,4.32268793229009
240,3,1.96025385584841
240,4.6,1.45345230768581
240,6,1.44838042969314
241,0.5,7.47301928952156
241,1.67,5.56362884423602
241,3,3.34844211520422
241,4.6,1.49968182763086
241,6,1.27935410785553
242,0.5,5.87392528945604
242,1.67,3.94434604486966
242,3,2.02543314251297
242,4.6,1.31722524991647
242,6,1.51916906029767
243,0.5,6.68591290357645
243,1.67,4.86343293330411
243,3,2.81923356375214
243,4.6,1.26098070983681
243,6,1.08541769434726
244,0.5,5.88507417854896
244,1.67,4.07854944936783
244,3,2.10763245400318
244,4.6,1.17587761604485
244,6,1.33764985084752
245,0.5,6.77632657782781
245,1.67,4.66910348201138
245,3,2.48386588754193
245,4.6,1.2159184213886
245,6,1.37908038450623
246,0.5,6.89129705963529
246,1.67,4.76088188083231
246,3,2.58292390798039
246,4.6,1.05272345404304
246,6,0.960641668682657
247,0.5,6.24555744235823
247,1.67,4.08378987395765
247,3,1.91192743447851
247,4.6,1.36648961936931
247,6,1.33298143674253
248,0.5,7.11195140156878
248,1.67,5.12133943713639
248,3,3.09988423252187
248,4.6,1.28361973690829
248,6,1.22064583388412
249,0.5,6.61447379307098
249,1.67,4.44752553587463
249,3,2.18266582613185
249,4.6,1.15818048425219
249,6,1.2436075512292
250,0.5,6.6251697620814
250,1.67,4.62603541257801
250,3,2.28362895875898
250,4.6,1.46423802634461
250,6,1.10859716656502
251,0.5,6.44376733615468
251,1.67,4.28911951393825
251,3,1.97245623872386
251,4.6,0.993947100696343
251,6,1.07678891787566
252,0.5,6.98355818950046
252,1.67,5.10498944147472
252,3,3.06088477463605
252,4.6,1.23659059092581
252,6,1.14286768620986
253,0.5,6.05558454995062
253,1.67,4.00888251091007
253,3,1.66639702513468
253,4.6,1.36925005022544
253,6,1.39448406950092
254,0.5,7.06520254509843
254,1.67,4.83224975987913
254,3,2.69397401957845
254,4.6,1.4330447412857
254,6,1.39790143755014
255,0.5,6.13358454504572
255,1.67,3.82457189990216
255,3,1.48518723410603
255,4.6,1.11106090413586
255,6,1.11835216264731
256,0.5,6.30569012778062
256,1.67,4.17879257075893
256,3,1.66641384057317
256,4.6,1.49108540025379
256,6,1.49131720496966
257,0.5,6.92094189766592
257,1.67,4.58599820466037
257,3,2.29415374879327
257,4.6,1.29734848637368
257,6,1.59796657769294
258,0.5,6.30602298879936
258,1.67,4.17648061446364
258,3,2.013480279893
258,4.6,1.70909735142978
258,6,1.44924017620233
259,0.5,7.05239158865017
259,1.67,4.91678140858715
259,3,2.9427802278141
259,4.6,1.30077022102607
259,6,1.31915795375928
260,0.5,6.49307318334395
260,1.67,4.74108772131984
260,3,2.33899387121528
260,4.6,1.40058665675657
260,6,1.15286496233883
261,0.5,5.25840337073649
261,1.67,3.44789402642319
261,3,1.8412587533118
261,4.6,1.25387404090152
261,6,0.970380276384322
262,0.5,5.86409293906127
262,1.67,4.00413782723262
262,3,1.98460638772053
262,4.6,1.24222194528538
262,6,1.28407720236321
263,0.5,7.85787135582613
263,1.67,5.63182998377211
263,3,3.36111852050545
263,4.6,1.15164136507824
263,6,1.01670034672499
264,0.5,6.22821677091347
264,1.67,4.15797659782528
264,3,2.10227097048684
264,4.6,1.50143070877118
264,6,1.33434827077484
265,0.5,6.30239347666312
265,1.67,4.34358863195363
265,3,1.87386941850555
265,4.6,1.25026322488375
265,6,1.20297336489546
266,0.5,6.66564371778515
266,1.67,4.37487116588542
266,3,2.00359971192313
266,4.6,1.58150245668792
266,6,1.46302303581223
267,0.5,5.88532366974399
267,1.67,3.56902552397777
267,3,1.84474090845581
267,4.6,1.44954437328069
267,6,1.46550820544921
268,0.5,5.94381221728555
268,1.67,4.03277040850192
268,3,1.82651493271712
268,4.6,1.29380590017776
268,6,1.30100323392406
269,0.5,5.66941667533039
269,1.67,3.38617186489123
269,3,1.68841790353179
269,4.6,1.15255764381933
269,6,1.38324175835418
270,0.5,5.8975958462794
270,1.67,3.97701765744726
270,3,1.79875339033468
270,4.6,1.26449642804478
270,6,0.836589308497383
271,0.5,5.63945919030426
271,1.67,3.65885169185614
271,3,1.53460081618543
271,4.6,1.24921854483704
271,6,1.44165838656302
272,0.5,6.10535743509328
272,1.67,3.89010021902281
272,3,1.72726664724848
272,4.6,1.51193722982577
272,6,1.43201613033219
273,0.5,6.51857040006714
273,1.67,4.54127072961482
273,3,2.67377282929152
273,4.6,1.51507593235189
273,6,1.33131645658917
274,0.5,6.38958909158898
274,1.67,4.27608523041141
274,3,2.19426210067452
274,4.6,0.991900351129657
274,6,1.1463688166272
275,0.5,6.12764200396769
275,1.67,3.74062247477519
275,3,1.78400519110546
275,4.6,1.27675257722386
275,6,1.34453017062537
276,0.5,6.14598310445695
276,1.67,4.36948671747481
276,3,2.24240070598761
276,4.6,1.17998458081568
276,6,1.3504516974494
277,0.5,7.36252514121694
277,1.67,5.23659880146591
277,3,3.0985475949355
277,4.6,1.18821009330284
277,6,1.16129864189284
278,0.5,6.90366955574943
278,1.67,4.91907783565509
278,3,2.3873890492644
278,4.6,1.47678456187139
278,6,1.50550131392436
279,0.5,7.10211207809762
279,1.67,5.04330774811583
279,3,2.93301944265103
279,4.6,1.00666250580186
279,6,1.0148813289077
280,0.5,6.30754542664478
280,1.67,4.14059836930912
280,3,2.07066184634897
280,4.6,1.05480786083657
280,6,1.22425951052748
281,0.5,6.08566977635776
281,1.67,3.76515830589319
281,3,1.51761183630252
281,4.6,1.39058670466999
281,6,1.34029256144065
282,0.5,7.49566109586307
282,1.67,5.68195266385427
282,3,3.25716951272865
282,4.6,1.17731312195725
282,6,1.44883753014241
283,0.5,6.1330849515248
283,1.67,4.32621229644727
283,3,2.20523900896487
283,4.6,1.36769810911887
283,6,1.15420061212116
284,0.5,6.74822616418763
284,1.67,4.95828060031567
284,3,2.7987441485082
284,4.6,1.19573365054556
284,6,1.28996001592596
285,0.5,5.74145890205437
285,1.67,3.52076345229457
285,3,1.33039637323033
285,4.6,1.16519795032542
285,6,1.35868189514452
286,0.5,6.6958818105191
286,1.67,4.87397624270857
286,3,2.63167642825575
286,4.6,1.44402681606732
286,6,1.24315436179814
287,0.5,6.19573312143421
287,1.67,4.08202166777234
287,3,1.54218843556389
287,4.6,1.01642246989667
287,6,1.25878264416148
288,0.5,6.85071657001861
288,1.67,4.93503213910208
288,3,2.70511053009102
288,4.6,1.3516692678198
288,6,1.13653737102445
289,0.5,6.44936745213889
289,1.67,4.43963829238432
289,3,1.83561884953679
289,4.6,1.42708997279781
289,6,1.4502221842537
290,0.5,6.03540465807245
290,1.67,3.43252213908564
290,3,1.50914238146718
290,4.6,1.13660260998167
290,6,1.31916518857157
291,0.5,6.64252017841037
291,1.67,4.23748666676154
291,3,2.31150656011416
291,4.6,1.00330261234487
291,6,0.981152841068899
292,0.5,7.52064779560031
292,1.67,5.86601762034576
292,3,3.80396758292048
292,4.6,1.78193798711659
292,6,1.24538715757752
293,0.5,5.19068680644088
293,1.67,3.39142833255489
293,3,1.59690839109175
293,4.6,1.50057682048498
293,6,1.47401141528503
294,0.5,6.74756906769292
294,1.67,4.79034296104167
294,3,2.73687179818522
294,4.6,1.22818067505806
294,6,1.28858780618698
295,0.5,6.37397796257797
295,1.67,4.53068616755569
295,3,2.59422078588277
295,4.6,0.982607696367696
295,6,0.951679719022673
296,0.5,7.62932275804593
296,1.67,4.92825839269486
296,3,2.30844742769051
296,4.6,1.46690306732849
296,6,1.38676897545331
297,0.5,6.65604205192491
297,1.67,4.64085237922015
297,3,2.51708685839245
297,4.6,1.21792999877874
297,6,1.12119760858306
298,0.5,6.12556768152012
298,1.67,4.24583955457471
298,3,1.83327863030746
298,4.6,1.39637438417147
298,6,1.39066059160389
299,0.5,6.04468396371518
299,1.67,3.82821348562461
299,3,1.44736495545134
299,4.6,1.52849544960828
299,6,1.29412539908676
300,0.5,6.92243726900441
300,1.67,5.14604401675727
300,3,2.68616427615292
300,4.6,1.20246335629198
300,6,1.09450446311745
301,0.5,5.96144572675929
301,1.67,3.78117060786969
301,3,1.3650531838077
301,4.6,1.19676032608387
301,6,1.20533327006258
302,0.5,6.98641183402005
302,1.67,5.03349781925154
302,3,3.05744687203888
302,4.6,1.4562243591579
302,6,1.39308372997211
303,0.5,7.04597589620823
303,1.67,4.8955079606596
303,3,2.51619475980303
303,4.6,1.4496670865526
303,6,1.37851974208649
304,0.5,6.92603253272674
304,1.67,4.86274870049418
304,3,2.40561909884249
304,4.6,1.0592402987478
304,6,1.0530705907159
305,0.5,6.97177982629719
305,1.67,5.36005169470966
305,3,3.16883162599532
305,4.6,1.09963178705929
305,6,1.11735958956607
306,0.5,6.75795773663495
306,1.67,4.79110785254366
306,3,2.81929685817744
306,4.6,1.46430443568552
306,6,1.21953355662445
307,0.5,6.44044040327932
307,1.67,4.49812900195859
307,3,2.77379216495673
307,4.6,1.23351053876959
307,6,1.2598798304777
308,0.5,6.4108971571267
308,1.67,4.25975546301039
308,3,1.98047761157672
308,4.6,1.61052583398977
308,6,1.45360194538044
309,0.5,6.62574334519329
309,1.67,4.75127213448867
309,3,2.38303155695113
309,4.6,0.886804592252266
309,6,1.02148914330203
310,0.5,6.60768402425566
310,1.67,4.55741837123829
310,3,2.46310659391317
310,4.6,1.16253808343226
310,6,1.305361211446
311,0.5,7.35734099826766
311,1.67,5.54239791249515
311,3,3.19378856887207
311,4.6,1.34211709784946
311,6,1.45722395297803
312,0.5,6.72563003900028
312,1.67,4.45177196488763
312,3,2.0681017998536
312,4.6,1.30616260513599
312,6,1.14809431644587
313,0.5,6.17348531267342
313,1.67,4.21248043286954
313,3,1.93762696585212
313,4.6,1.22173462547223
313,6,1.25215162169122
314,0.5,6.6224066616594
314,1.67,4.89930124082215
314,3,2.40630478898065
314,4.6,1.31779767614593
314,6,1.24328503670691
315,0.5,5.7020535267634
315,1.67,3.2374956527069
315,3,1.31858440713641
315,4.6,1.20274093278062
315,6,1.22619701232813
316,0.5,6.70627976369779
316,1.67,4.81535877873456
316,3,2.52163398863495
316,4.6,1.14079579852828
316,6,1.15038017497363
317,0.5,6.21307014793183
317,1.67,4.02857034698852
317,3,1.70651361625146
317,4.6,1.36346295508139
317,6,1.33709982571381
318,0.5,6.64163743446875
318,1.67,4.69835628266285
318,3,2.23148527620405
318,4.6,1.53366232426827
318,6,1.35917854358633
319,0.5,6.64926244049498
319,1.67,4.6228312638888
319,3,2.14881952084416
319,4.6,1.33208227132017
319,6,1.2612404305085
320,0.5,7.04734134133037
320,1.67,5.12240536229
320,3,3.03042799932833
320,4.6,1.43091899059578
320,6,0.953199332855052
321,0.5,6.00191280071746
321,1.67,3.9977176595115
321,3,2.11133406895111
321,4.6,1.51371978027952
321,6,1.25876170782902
322,0.5,6.48131114471161
322,1.67,4.37297622307583
322,3,2.38189360449753
322,4.6,1.56171487800018
322,6,1.53134568086234
323,0.5,6.80789935104946
323,1.67,5.23599214302516
323,3,3.13469236487113
323,4.6,1.2060369290874
323,6,1.31769844037308
324,0.5,5.52346604263712
324,1.67,3.72070728753425
324,3,1.69131900817075
324,4.6,1.21487729067511
324,6,1.0539695289695
325,0.5,6.07706050128778
325,1.67,4.05278837253568
325,3,1.7578179103399
325,4.6,1.30122802774031
325,6,1.48339692166685
326,0.5,5.49123460390536
326,1.67,2.96473249098671
326,3,1.56417276863955
326,4.6,1.38863769425002
326,6,1.35824652570372
327,0.5,5.93208376953324
327,1.67,3.85997695254624
327,3,1.7510188884603
327,4.6,1.43291198941655
327,6,1.45242172141142
328,0.5,6.60072064383668
328,1.67,4.91773284276979
328,3,2.80104997657576
328,4.6,1.42011035122868
328,6,1.15302203044336
329,0.5,6.33431014355932
329,1.67,4.48860792601822
329,3,2.26578660648637
329,4.6,1.55350570984292
329,6,1.47858616755561
330,0.5,6.49840025197975
330,1.67,4.3700038337192
330,3,1.99443010732383
330,4.6,1.15542282776487
330,6,1.14020079054887
331,0.5,5.67174289327355
331,1.67,3.56307406946827
331,3,1.38317990611287
331,4.6,1.18043184772129
331,6,1.20497639601024
332,0.5,6.10881893692771
332,1.67,3.93906506542512
332,3,1.72721030844262
332,4.6,1.63332071195319
332,6,1.52580084381192
333,0.5,7.26299387197716
333,1.67,5.24439948170043
333,3,2.85673463473191
333,4.6,1.28142596000617
333,6,1.20800587513241
334,0.5,5.54307747499918
334,1.67,3.33801902700783
334,3,1.57920243004922
334,4.6,1.28951656037195
334,6,1.27747546523166
335,0.5,6.38733475955042
335,1.67,4.46907939857237
335,3,2.07718567900489
335,4.6,1.51753055970734
335,6,1.66883436897607
336,0.5,6.98199647853435
336,1.67,4.93787247534275
336,3,2.31722269438562
336,4.6,1.47403690098324
336,6,1.21761940873728
337,0.5,6.39532525905772
337,1.67,4.68623906416493
337,3,2.39659183145954
337,4.6,1.2124351800392
337,6,1.0181317724174
338,0.5,6.20188110203818
338,1.67,3.93039093341076
338,3,1.48098904207607
338,4.6,1.34055156191875
338,6,1.3142180827749
339,0.5,7.35298882307519
339,1.67,5.56401630638461
339,3,3.25008841718126
339,4.6,1.1436124301519
339,6,0.883408149363357
340,0.5,7.05882699804633
340,1.67,5.08920631649238
340,3,2.92909877485439
340,4.6,1.51130713381771
340,6,1.4894137087781
341,0.5,6.96934300676961
341,1.67,5.0114693663611
341,3,2.73639709270293
341,4.6,1.40323282694317
341,6,1.39220744938247
342,0.5,7.09242738130011
342,1.67,5.42290525937535
342,3,3.62928496666721
342,4.6,1.89854873882318
342,6,1.16574511839664
343,0.5,6.38971624369492
343,1.67,3.96398796982461
343,3,1.65624457122293
343,4.6,1.28739681653996
343,6,1.308365033573
344,0.5,7.74880536093064
344,1.67,6.06722676790502
344,3,4.12882331363548
344,4.6,1.80424039905382
344,6,1.29138202141666
345,0.5,6.97428841267434
345,1.67,4.67611242077252
345,3,2.09253977925124
345,4.6,1.30436657545945
345,6,1.40324364090197
346,0.5,7.18270586702226
346,1.67,5.05902502448514
346,3,2.68824331515825
346,4.6,1.08571830026157
346,6,0.832321726967542
347,0.5,6.56455564445375
347,1.67,4.48839722665116
347,3,2.16368578709995
347,4.6,1.65742240000762
347,6,1.50362346327023
348,0.5,7.94928371968451
348,1.67,6.15099821749267
348,3,3.61117530082668
348,4.6,1.57443658576219
348,6,1.3639610194517
349,0.5,6.28473594988443
349,1.67,4.11973384354716
349,3,2.02271035012945
349,4.6,1.44827388116088
349,6,1.63081224425441
350,0.5,6.37836336381441
350,1.67,4.16479670474793
350,3,1.79912530415998
350,4.6,1.55970254716927
350,6,1.53780593611191
351,0.5,5.79034490673957
351,1.67,3.38861542407299
351,3,1.28800968751153
351,4.6,1.3171092760972
351,6,1.32181655906869
352,0.5,6.17426565060943
352,1.67,4.2526418391708
352,3,1.80844557825461
352,4.6,1.10902603982614
352,6,0.996325112635306
353,0.5,7.21990589426833
353,1.67,5.00304854546346
353,3,2.6369886962459
353,4.6,1.35180296037913
353,6,1.29900763059167
354,0.5,7.31958931482375
354,1.67,5.57656238393175
354,3,3.44694919299423
354,4.6,1.27507544042994
354,6,1.27738684965064
355,0.5,6.61182380583969
355,1.67,4.35814515754727
355,3,2.27934601809232
355,4.6,1.49030515046289
355,6,1.32006508542457
356,0.5,6.7318253408194
356,1.67,4.61960717011489
356,3,2.07154825774208
356,4.6,1.57635287620082
356,6,1.5061623960547
357,0.5,7.05864842544288
357,1.67,5.10511872032998
357,3,2.82008408012167
357,4.6,1.36823783337266
357,6,1.31345292234544
358,0.5,6.45634057085512
358,1.67,4.45200625905195
358,3,2.36646278639265
358,4.6,1.48457034179013
358,6,1.50342064831861
359,0.5,6.24211077156224
359,1.67,4.10739905292146
359,3,1.90500549652765
359,4.6,1.13168167904513
359,6,1.06560807355899
360,0.5,7.39717678398663
360,1.67,5.53146919128197
360,3,3.39706183695383
360,4.6,1.43295509630264
360,6,1.33516524051952
361,0.5,6.17782006489033
361,1.67,4.0716521909048
361,3,2.01572407629414
361,4.6,1.62531589579526
361,6,1.45724084887754
362,0.5,6.22723545064136
362,1.67,4.21095149307836
362,3,1.5690972808931
362,4.6,1.30183925617834
362,6,1.47972177347806
363,0.5,6.17486065204753
363,1.67,4.36656129641342
363,3,2.22378095537147
363,4.6,1.14136589645874
363,6,1.27665902606153
364,0.5,7.28287081306033
364,1.67,5.165115716121
364,3,2.86772664514354
364,4.6,1.00997849228676
364,6,1.14541987190968
365,0.5,7.1854284871835
365,1.67,5.05975887487328
365,3,2.9414233696741
365,4.6,1.20950588976563
365,6,1.09859403853813
366,0.5,6.50516357895552
366,1.67,4.22061640794277
366,3,1.79198117237051
366,4.6,1.48351613715844
366,6,1.40762563944089
367,0.5,6.93386811608382
367,1.67,5.01843021280113
367,3,2.59331493181968
367,4.6,1.30566723804529
367,6,1.34537144592698
368,0.5,6.36015642114378
368,1.67,4.19690601383815
368,3,2.28705471009697
368,4.6,1.41064917684025
368,6,1.03243602435556
369,0.5,5.93249704302019
369,1.67,3.82403118992234
369,3,1.78891103325977
369,4.6,1.45920016940023
369,6,1.47129127655931
370,0.5,6.60013205650697
370,1.67,4.38566027979399
370,3,2.05229264654581
370,4.6,1.14769800701632
370,6,1.32879959778224
371,0.5,6.01020084693427
371,1.67,4.34038935079468
371,3,2.39210367639856
371,4.6,1.35628766181576
371,6,1.37756682436667
372,0.5,7.5135934530543
372,1.67,5.57798861895078
372,3,3.11871513693954
372,4.6,1.38034119739608
372,6,1.18969515141311
373,0.5,7.73191014360675
373,1.67,5.57497928801338
373,3,3.27817180111765
373,4.6,1.30854705951499
373,6,1.14652145683941
374,0.5,5.85059765536216
374,1.67,3.69834408406879
374,3,1.85816239289415
374,4.6,1.29648416425614
374,6,1.5134362345713
375,0.5,6.70594494316237
375,1.67,4.94216833037492
375,3,2.83930760750563
375,4.6,1.24910985410294
375,6,1.32882692905576
376,0.5,5.95606491444761
376,1.67,4.23596749624246
376,3,2.14286372530354
376,4.6,1.33685620594113
376,6,1.16627536941473
377,0.5,6.72133281836878
377,1.67,4.84059009304799
377,3,2.85678187666717
377,4.6,0.997471893118322
377,6,1.07497125390063
378,0.5,6.51109240470542
378,1.67,4.44783042987099
378,3,1.95290799050258
378,4.6,1.42042734918829
378,6,1.38712448329018
379,0.5,6.61615084435936
379,1.67,4.50384951860848
379,3,2.68600841369298
379,4.6,1.35046936637329
379,6,1.39949305230402
380,0.5,6.16191697378579
380,1.67,4.09703773143497
380,3,1.82072188930118
380,4.6,1.20401475014317
380,6,1.2073768261709
381,0.5,6.92585892052424
381,1.67,4.75013136098218
381,3,2.90727923125423
381,4.6,1.53483654617763
381,6,1.56814625316122
382,0.5,7.00805127309537
382,1.67,4.81466148785129
382,3,2.60523099344985
382,4.6,1.46813807001374
382,6,1.41595342060995
383,0.5,6.91336005007027
383,1.67,5.11160468044466
383,3,3.10487238530052
383,4.6,1.38864438917107
383,6,1.27127949138972
384,0.5,6.49297170522732
384,1.67,4.22250802391987
384,3,1.78846595710348
384,4.6,1.19848281236134
384,6,1.34890906428902
385,0.5,5.99548377091061
385,1.67,3.92813361975447
385,3,1.7298020198198
385,4.6,1.31026451618176
385,6,1.30718541176778
386,0.5,6.16200125492305
386,1.67,4.12784836692128
386,3,2.36107846541204
386,4.6,1.33008606309525
386,6,1.27042556294758
387,0.5,6.67030863349981
387,1.67,4.84891629376273
387,3,2.40104464872496
387,4.6,1.31174587444924
387,6,1.41354771930509
388,0.5,7.07081560209077
388,1.67,5.25576456546077
388,3,2.70510801606255
388,4.6,1.29264398784716
388,6,1.33522819908137
389,0.5,7.0034733398732
389,1.67,5.03984961864599
389,3,2.71089055646177
389,4.6,1.35136192461059
389,6,1.24107483061567
390,0.5,6.90322329390375
390,1.67,5.04692307824477
390,3,2.71579968209397
390,4.6,1.24272513908869
390,6,1.12004961809471
391,0.5,6.09181527859849
391,1.67,4.02541266011562
391,3,1.98489348681284
391,4.6,1.43923837782483
391,6,1.42605125342633
392,0.5,7.40009100506981
392,1.67,5.77124270384884
392,3,3.34226595360733
392,4.6,1.30118546383673
392,6,1.02714488075322
393,0.5,6.78415645060951
393,1.67,4.84806302991486
393,3,2.34091290166323
393,4.6,1.33611964251779
393,6,1.43444691638667
394,0.5,6.07913206159737
394,1.67,4.04589710112787
394,3,1.78689721273288
394,4.6,1.36901552019112
394,6,1.08867007111131
395,0.5,6.05604892837248
395,1.67,4.37223350946877
395,3,2.74311389652623
395,4.6,1.41243173445836
395,6,1.39114960094759
396,0.5,5.9705855501626
396,1.67,3.90286423801947
396,3,2.01399943558363
396,4.6,1.15139519989071
396,6,1.01170030191908
397,0.5,6.58370330320095
397,1.67,4.51997580402828
397,3,2.33977573280947
397,4.6,1.75923471596833
397,6,1.51143289715556
398,0.5,6.37421406451184
398,1.67,4.2720988458446
398,3,2.02929039130102
398,4.6,1.23947680645015
398,6,1.32076779987004
399,0.5,6.15935807251297
399,1.67,4.40934470652136
399,3,2.31258572091235
399,4.6,1.48061059443735
399,6,1.39082630168156
400,0.5,6.42325972654358
400,1.67,4.77513015348927
400,3,2.6152218841178
400,4.6,1.0903748360136
400,6,1.06209974518406
401,0.5,5.72935826934278
401,1.67,3.47143783002805
401,3,1.3039538617914
401,4.6,1.16184559902526
401,6,1.42757768076889
402,0.5,6.64208660092944
402,1.67,4.46075312865835
402,3,2.25545229637811
402,4.6,1.2038699794177
402,6,1.25176361288291
403,0.5,6.67656458884888
403,1.67,4.49627039153291
403,3,2.23793185084339
403,4.6,1.56251369875769
403,6,1.39486960674388
404,0.5,6.93732286198934
404,1.67,4.71378715745148
404,3,2.26547813205014
404,4.6,1.10407035504094
404,6,1.07028965753628
405,0.5,6.79290944938045
405,1.67,4.54203141486882
405,3,2.4065626883621
405,4.6,1.4400387617105
405,6,1.46665554634757
406,0.5,6.51555425132162
406,1.67,4.69091642205958
406,3,2.45393955166035
406,4.6,1.31940454961677
406,6,1.51805926794445
407,0.5,7.10292998574541
407,1.67,5.16239507750658
407,3,2.56632362946834
407,4.6,1.30557463223459
407,6,1.25687065646734
408,0.5,6.62781005009875
408,1.67,4.95342899667694
408,3,2.55130134659426
408,4.6,1.40471584313557
408,6,1.4204146349959
409,0.5,6.93439335749708
409,1.67,4.65901715828929
409,3,2.18824700021944
409,4.6,1.26684991322315
409,6,1.20178417196674
410,0.5,6.30784996870972
410,1.67,4.42079904764781
410,3,2.37994807605172
410,4.6,1.51397521675169
410,6,1.46051186762099
411,0.5,6.47700166540591
411,1.67,4.4991041109158
411,3,2.317929533379
411,4.6,1.4643785916983
411,6,1.2471668631152
412,0.5,5.83261690915029
412,1.67,3.82339021211767
412,3,1.55645452564136
412,4.6,1.25910215374365
412,6,1.10455455345219
413,0.5,6.04972577594451
413,1.67,3.75714093001193
413,3,1.65653805129733
413,4.6,1.21695589051005
413,6,1.40337190856104
414,0.5,4.97575057385826
414,1.67,2.96407527188169
414,3,1.65382528115661
414,4.6,1.53799045190691
414,6,1.60016934584088
415,0.5,6.36542515922315
415,1.67,4.36804532801671
415,3,2.11397892761044
415,4.6,1.5031600686553
415,6,1.5048808271333
416,0.5,7.51223339108352
416,1.67,5.85955672183769
416,3,3.41414608945159
416,4.6,1.53018251351056
416,6,0.892329555326796
417,0.5,7.64939338897027
417,1.67,5.47149822658692
417,3,3.10078355601293
417,4.6,1.29492642956362
417,6,1.22219164449117
418,0.5,5.7165082444632
418,1.67,3.42581535234406
418,3,1.44761328753304
418,4.6,1.25711231400486
418,6,1.28418219128101
419,0.5,6.69381884728613
419,1.67,4.67238891026181
419,3,2.42779043422368
419,4.6,1.67418189459645
419,6,1.6124891457213
420,0.5,6.19748025840617
420,1.67,3.73067985754204
420,3,1.56711474499326
420,4.6,1.2912626073978
420,6,1.17704853789213
421,0.5,7.27300734731779
421,1.67,5.01089791144075
421,3,2.59342896924665
421,4.6,1.06410296009999
421,6,1.24163466370723
422,0.5,7.53446822596994
422,1.67,5.56288109975777
422,3,3.39610996273381
422,4.6,1.43359622650866
422,6,1.46450323165466
423,0.5,5.93447249625235
423,1.67,4.52954410404713
423,3,2.75774864760413
423,4.6,1.36680993768237
423,6,1.19878632263156
424,0.5,6.79191079229215
424,1.67,4.71431882846402
424,3,2.25852339017498
424,4.6,1.11475815530826
424,6,1.42792275910192
425,0.5,6.49677543823313
425,1.67,4.51030788392404
425,3,2.14646969063467
425,4.6,1.39680827739787
425,6,1.62675501255598
426,0.5,6.3055835508404
426,1.67,4.05659275743368
426,3,1.77557781879105
426,4.6,1.29836344460109
426,6,1.25992215682795
427,0.5,6.5060392240233
427,1.67,4.16276732336184
427,3,1.55509671766248
427,4.6,1.44807517138201
427,6,1.44806362738213
428,0.5,7.01861914781234
428,1.67,4.76044102060622
428,3,2.54315608055315
428,4.6,1.00234028964233
428,6,1.11036998945624
429,0.5,6.61372909548765
429,1.67,4.68530985802672
429,3,2.3541364557373
429,4.6,1.01321115563427
429,6,1.06744763683861
430,0.5,6.17654113342663
430,1.67,4.57781758184087
430,3,2.61987215208491
430,4.6,1.52231752268157
430,6,1.39648572366811
431,0.5,5.94668372393743
431,1.67,3.78895589030042
431,3,1.7846119121127
431,4.6,1.47291563312154
431,6,1.43159022005132
432,0.5,5.85219950576525
432,1.67,3.79163482380939
432,3,1.53464189240897
432,4.6,1.27932664703432
432,6,1.22860823386971
433,0.5,6.55918350206283
433,1.67,4.37340054969996
433,3,2.09479310571446
433,4.6,1.32799419336437
433,6,1.28497172490508
434,0.5,7.3978750474086
434,1.67,5.22468691743479
434,3,2.59471286567824
434,4.6,1.30289721865589
434,6,1.62867392350726
435,0.5,5.80357229000478
435,1.67,3.89866262314172
435,3,1.6988563620235
435,4.6,1.1020187901367
435,6,1.20012862635338
436,0.5,5.98529883940146
436,1.67,3.7234830226892
436,3,1.57085070438028
436,4.6,1.52276859495959
436,6,1.38290652889551
437,0.5,6.3257613232888
437,1.67,4.38544708291873
437,3,1.94880415542605
437,4.6,1.30068585441327
437,6,1.24755107433009
438,0.5,6.77480740564455
438,1.67,4.55521305913855
438,3,2.07757149333607
438,4.6,1.54560853510342
438,6,1.41680322827503
439,0.5,6.55653185276226
439,1.67,4.71972845246866
439,3,2.64145723299689
439,4.6,1.28532468637925
439,6,1.04373244541205
440,0.5,6.16996692886149
440,1.67,4.25396648598163
440,3,2.11579003559235
440,4.6,0.853631096280704
440,6,0.980876611672149
441,0.5,6.73837906233277
441,1.67,4.53168419022616
441,3,2.03137839578212
441,4.6,1.46012402928895
441,6,1.5635173749433
442,0.5,6.42528352638729
442,1.67,4.56598633831485
442,3,2.68480995754989
442,4.6,1.54638636435151
442,6,1.50100831082944
443,0.5,5.95054812694873
443,1.67,3.96630748961008
443,3,1.77954646682965
443,4.6,1.59580272553442
443,6,1.47847358250307
444,0.5,7.40039868525191
444,1.67,5.63738364865097
444,3,3.34797837117409
444,4.6,1.14861141415237
444,6,1.28951154215921
445,0.5,7.3966017506798
445,1.67,5.13861298749657
445,3,2.74191611887868
445,4.6,1.23547435800517
445,6,1.18327149748251
446,0.5,6.75603355957257
446,1.67,4.91052977475569
446,3,2.74447234299196
446,4.6,1.18689560041064
446,6,1.11282677644169
447,0.5,7.76768462031328
447,1.67,5.75682880262878
447,3,3.5360268150076
447,4.6,1.27619740917502
447,6,1.01950211780572
448,0.5,6.55923199299073
448,1.67,4.98865842433658
448,3,2.7627344764561
448,4.6,1.18177460682545
448,6,1.24894632293933
449,0.5,7.11082837545582
449,1.67,5.00605956389674
449,3,3.07535929943665
449,4.6,1.13952335042187
449,6,1.11036490501026
450,0.5,6.11527685672921
450,1.67,3.83448182697101
450,3,1.73947952322767
450,4.6,1.37418867904759
450,6,1.51351969544653
451,0.5,5.0977158454301
451,1.67,2.71086100398072
451,3,1.42492850591343
451,4.6,1.4266838130887
451,6,1.37229783612366
452,0.5,6.22809898687266
452,1.67,4.12324955618437
452,3,1.98650665919994
452,4.6,1.45806358990352
452,6,1.39490173325695
453,0.5,7.04271212585432
453,1.67,5.04283135316104
453,3,2.56322654474219
453,4.6,1.26743411490175
453,6,1.13593900339821
454,0.5,6.01531125468308
454,1.67,3.91450524560506
454,3,1.9669653130369
454,4.6,1.42128986259922
454,6,1.51466949840443
455,0.5,6.47752616890025
455,1.67,4.606244841003
455,3,2.46651954721286
455,4.6,1.78895528422702
455,6,1.60990083443545
456,0.5,7.45764685036199
456,1.67,5.44344592569576
456,3,3.05003583361303
456,4.6,1.32381670091316
456,6,1.2754484555972
457,0.5,6.33677137345399
457,1.67,3.78961794416745
457,3,1.8577955385474
457,4.6,1.53432218285482
457,6,1.46965978774876
458,0.5,7.44062645260981
458,1.67,5.32831739745371
458,3,3.15392431716293
458,4.6,1.36852135165127
458,6,1.35159753611183
459,0.5,6.70132814930456
459,1.67,4.66102989890874
459,3,2.48002552511244
459,4.6,1.47972258745726
459,6,1.45282928896751
460,0.5,5.75454290624331
460,1.67,3.78197447928031
460,3,1.5826097882405
460,4.6,1.34829654866567
460,6,1.22578507438681
461,0.5,6.8236589320828
461,1.67,4.7810325845792
461,3,2.50597838180976
461,4.6,1.23531815238816
461,6,1.48241523860512
462,0.5,6.51093209845765
462,1.67,4.62291493115677
462,3,2.71024975727044
462,4.6,1.35322151168565
462,6,1.05952510790615
463,0.5,4.65599938721076
463,1.67,2.87171710496957
463,3,1.60458137545629
463,4.6,1.29182802244344
463,6,1.36082707665925
464,0.5,7.03246322661526
464,1.67,5.12935050340125
464,3,2.83424236332971
464,4.6,1.36515132099076
464,6,1.36117838215466
465,0.5,5.91134386527259
465,1.67,4.00911697077388
465,3,1.97822262601269
465,4.6,1.40293094267321
465,6,1.35282552115158
466,0.5,5.93891629558384
466,1.67,4.22787932351419
466,3,1.99782778960785
466,4.6,1.44224663965602
466,6,1.38525811676221
467,0.5,6.23233830233748
467,1.67,3.8385111673567
467,3,1.52571367171161
467,4.6,1.15041829830694
467,6,1.23932709067051
468,0.5,6.58505708801201
468,1.67,4.60087380183482
468,3,2.16089229892383
468,4.6,1.38778180298803
468,6,1.49738063090489
469,0.5,5.96917599414454
469,1.67,3.89628855311132
469,3,1.72737607712313
469,4.6,1.11185282382316
469,6,1.39935892509059
470,0.5,5.92881236232337
470,1.67,3.86095131068086
470,3,1.66963692511935
470,4.6,1.3417830318388
470,6,1.39359328537692
471,0.5,5.9927199928203
471,1.67,4.05509705933392
471,3,1.89377167078587
471,4.6,1.62924190418867
471,6,1.47507188409185
472,0.5,6.96428194148162
472,1.67,4.77411248519279
472,3,2.56539889198292
472,4.6,1.59127696835436
472,6,1.44715482169222
473,0.5,6.10124213086352
473,1.67,3.80458968485076
473,3,1.88904040514963
473,4.6,1.37721588561977
473,6,1.40230741022678
474,0.5,5.89418980663521
474,1.67,3.6623882294166
474,3,1.5430508304525
474,4.6,1.55624731677501
474,6,1.49273714915915
475,0.5,7.53716845560831
475,1.67,5.59539610532648
475,3,3.3125972134091
475,4.6,1.36343401271435
475,6,1.40086263112845
476,0.5,6.36292220401412
476,1.67,4.42027304189698
476,3,2.06778323097579
476,4.6,1.35823324213829
476,6,1.32051214665992
477,0.5,6.16119825993037
477,1.67,4.34569240147347
477,3,1.8996981685243
477,4.6,1.09046285871973
477,6,1.21116250909199
478,0.5,6.68867653459762
478,1.67,4.77829236597124
478,3,2.46092474616083
478,4.6,1.19982407216866
478,6,1.05145240004982
479,0.5,5.72244667349616
479,1.67,3.45680451491235
479,3,1.49557881002807
479,4.6,1.29278816113184
479,6,1.53510980002505
480,0.5,6.25502879374968
480,1.67,4.17037925440838
480,3,2.07637011036732
480,4.6,1.22860514202474
480,6,1.29279783632247
481,0.5,6.17866212068677
481,1.67,4.08235758098802
481,3,2.14515793953616
481,4.6,1.2160799308401
481,6,1.27239973339134
482,0.5,6.7599504409499
482,1.67,4.81498349502454
482,3,2.61459237614414
482,4.6,1.19870588900274
482,6,1.2861032399229
483,0.5,6.56460972408864
483,1.67,4.33864952873406
483,3,1.97836339205658
483,4.6,1.16975727709144
483,6,1.16101604053008
484,0.5,6.47225393486838
484,1.67,4.44148075663505
484,3,2.27210090055258
484,4.6,1.51844709084987
484,6,1.24378928010289
485,0.5,5.71695990653278
485,1.67,3.73704134598882
485,3,1.87785630295236
485,4.6,1.31086748737807
485,6,1.38928849270904
486,0.5,6.65436240630123
486,1.67,4.64370827797164
486,3,2.46882361602304
486,4.6,1.50729489668447
486,6,1.28523375869968
487,0.5,5.36086930869362
487,1.67,3.57968585628614
487,3,1.79690671034329
487,4.6,1.26866024482222
487,6,1.51510225666815
488,0.5,6.26823422839594
488,1.67,4.41091249279297
488,3,2.38805671927966
488,4.6,1.33141811810346
488,6,1.27597118600544
489,0.5,6.30506955641954
489,1.67,3.98397784302547
489,3,1.67695123217536
489,4.6,1.21619049741652
489,6,1.25956249761806
490,0.5,5.56675177017289
490,1.67,3.58613241378976
490,3,1.56468398599604
490,4.6,1.19144045811713
490,6,1.18688772420153
491,0.5,6.92025787366594
491,1.67,4.81256273264879
491,3,2.32701068572219
491,4.6,1.23664541237677
491,6,1.35010715888019
492,0.5,6.07261381524999
492,1.67,4.00034619711937
492,3,2.0860140217435
492,4.6,1.29739464120498
492,6,1.44550007298006
493,0.5,6.43347776386548
493,1.67,3.98461927051758
493,3,1.55716244231452
493,4.6,1.2656173060319
493,6,1.32081241697163
494,0.5,7.58207808443213
494,1.67,5.50012317391304
494,3,3.46109686329887
494,4.6,1.3132032234254
494,6,1.19422520598014
495,0.5,5.6489908705775
495,1.67,3.83066521308833
495,3,1.85335261571884
495,4.6,1.17587022697404
495,6,1.39351314613643
496,0.5,6.60673406853551
496,1.67,4.84634806756541
496,3,2.47097438211076
496,4.6,1.25632574458278
496,6,1.38041410934515
497,0.5,7.01458903210614
497,1.67,5.15608955461168
497,3,2.68982166122474
497,4.6,1.33746259962492
497,6,1.13749859597609
498,0.5,6.80982886944293
498,1.67,5.16153678626666
498,3,3.01889405403869
498,4.6,1.22692222055202
498,6,1.21667141476684
499,0.5,6.85733967025695
499,1.67,4.74895579748594
499,3,2.144775381815
499,4.6,1.12948131917213
499,6,1.23841436467961
500,0.5,7.10812641332456
500,1.67,5.06188298344396
500,3,2.93142304798911
500,4.6,1.5345707988217
500,6,1.19359319729784
